0.000000 0.999975 -0.499950 -0.002500 0.005000
0.010000 0.999925 -0.499850 -0.004997 0.009992
0.020000 0.999850 -0.499700 -0.007490 0.014974
0.030000 0.999750 -0.499501 -0.009981 0.019948
0.040000 0.999626 -0.499252 -0.012468 0.024913
0.050000 0.999476 -0.498953 -0.014951 0.029868
0.060000 0.999302 -0.498605 -0.017431 0.034813
0.070000 0.999103 -0.498207 -0.019907 0.039749
0.080000 0.998879 -0.497761 -0.022380 0.044674
0.090000 0.998630 -0.497265 -0.024850 0.049589
0.100000 0.998357 -0.496720 -0.027315 0.054494
0.110000 0.998060 -0.496126 -0.029777 0.059387
0.120000 0.997737 -0.495483 -0.032235 0.064270
0.130000 0.997390 -0.494792 -0.034689 0.069141
0.140000 0.997019 -0.494052 -0.037139 0.074001
0.150000 0.996623 -0.493263 -0.039585 0.078849
0.160000 0.996203 -0.492427 -0.042027 0.083685
0.170000 0.995758 -0.491541 -0.044465 0.088509
0.180000 0.995289 -0.490608 -0.046899 0.093320
0.190000 0.994796 -0.489627 -0.049329 0.098119
0.200000 0.994278 -0.488598 -0.051754 0.102905
0.210000 0.993737 -0.487521 -0.054175 0.107677
0.220000 0.993171 -0.486397 -0.056591 0.112437
0.230000 0.992581 -0.485225 -0.059004 0.117183
0.240000 0.991967 -0.484006 -0.061411 0.121915
0.250000 0.991328 -0.482740 -0.063815 0.126633
0.260000 0.990666 -0.481426 -0.066213 0.131337
0.270000 0.989980 -0.480066 -0.068607 0.136027
0.280000 0.989270 -0.478659 -0.070996 0.140702
0.290000 0.988536 -0.477205 -0.073381 0.145362
0.300000 0.987779 -0.475705 -0.075760 0.150008
0.310000 0.986997 -0.474159 -0.078135 0.154637
0.320000 0.986192 -0.472566 -0.080505 0.159252
0.330000 0.985364 -0.470928 -0.082870 0.163851
0.340000 0.984511 -0.469243 -0.085229 0.168434
0.350000 0.983636 -0.467513 -0.087584 0.173000
0.360000 0.982736 -0.465738 -0.089934 0.177551
0.370000 0.981813 -0.463917 -0.092278 0.182085
0.380000 0.980867 -0.462051 -0.094617 0.186602
0.390000 0.979898 -0.460140 -0.096951 0.191103
0.400000 0.978905 -0.458184 -0.099280 0.195586
0.410000 0.977889 -0.456184 -0.101603 0.200052
0.420000 0.976850 -0.454139 -0.103921 0.204500
0.430000 0.975787 -0.452049 -0.106233 0.208931
0.440000 0.974702 -0.449916 -0.108540 0.213344
0.450000 0.973594 -0.447739 -0.110841 0.217738
0.460000 0.972462 -0.445517 -0.113136 0.222115
0.470000 0.971308 -0.443253 -0.115426 0.226473
0.480000 0.970131 -0.440945 -0.117710 0.230812
0.490000 0.968931 -0.438593 -0.119988 0.235132
0.500000 0.967708 -0.436199 -0.122260 0.239433
0.510000 0.966463 -0.433762 -0.124527 0.243715
0.520000 0.965195 -0.431282 -0.126787 0.247977
0.530000 0.963905 -0.428760 -0.129042 0.252220
0.540000 0.962592 -0.426195 -0.131290 0.256443
0.550000 0.961257 -0.423589 -0.133533 0.260646
0.560000 0.959899 -0.420941 -0.135769 0.264828
0.570000 0.958519 -0.418251 -0.137999 0.268990
0.580000 0.957117 -0.415519 -0.140223 0.273132
0.590000 0.955692 -0.412747 -0.142440 0.277253
0.600000 0.954246 -0.409933 -0.144651 0.281352
0.610000 0.952777 -0.407079 -0.146856 0.285431
0.620000 0.951287 -0.404184 -0.149055 0.289488
0.630000 0.949774 -0.401249 -0.151247 0.293524
0.640000 0.948240 -0.398274 -0.153432 0.297538
0.650000 0.946684 -0.395258 -0.155611 0.301531
0.660000 0.945106 -0.392203 -0.157783 0.305501
0.670000 0.943506 -0.389109 -0.159948 0.309449
0.680000 0.941885 -0.385975 -0.162107 0.313375
0.690000 0.940243 -0.382802 -0.164259 0.317278
0.700000 0.938579 -0.379591 -0.166405 0.321158
0.710000 0.936893 -0.376340 -0.168543 0.325016
0.720000 0.935187 -0.373052 -0.170675 0.328850
0.730000 0.933459 -0.369725 -0.172799 0.332662
0.740000 0.931709 -0.366361 -0.174917 0.336450
0.750000 0.929939 -0.362959 -0.177028 0.340214
0.760000 0.928148 -0.359519 -0.179131 0.343955
0.770000 0.926336 -0.356042 -0.181228 0.347672
0.780000 0.924502 -0.352529 -0.183317 0.351364
0.790000 0.922648 -0.348978 -0.185399 0.355033
0.800000 0.920774 -0.345392 -0.187474 0.358677
0.810000 0.918878 -0.341769 -0.189541 0.362297
0.820000 0.916962 -0.338110 -0.191602 0.365892
0.830000 0.915026 -0.334415 -0.193655 0.369463
0.840000 0.913069 -0.330685 -0.195700 0.373008
0.850000 0.911091 -0.326920 -0.197738 0.376528
0.860000 0.909094 -0.323120 -0.199769 0.380023
0.870000 0.907076 -0.319285 -0.201792 0.383493
0.880000 0.905038 -0.315415 -0.203807 0.386937
0.890000 0.902979 -0.311512 -0.205815 0.390355
0.900000 0.900901 -0.307574 -0.207815 0.393748
0.910000 0.898803 -0.303603 -0.209808 0.397114
0.920000 0.896685 -0.299599 -0.211792 0.400455
0.930000 0.894548 -0.295561 -0.213769 0.403769
0.940000 0.892390 -0.291490 -0.215739 0.407057
0.950000 0.890213 -0.287387 -0.217700 0.410318
0.960000 0.888017 -0.283252 -0.219653 0.413552
0.970000 0.885801 -0.279084 -0.221599 0.416760
0.980000 0.883565 -0.274885 -0.223536 0.419941
0.990000 0.881311 -0.270654 -0.225466 0.423094
1.000000 0.879037 -0.266391 -0.227387 0.426221
1.010000 0.876744 -0.262098 -0.229301 0.429320
1.020000 0.874432 -0.257774 -0.231206 0.432392
1.030000 0.872101 -0.253420 -0.233103 0.435436
1.040000 0.869751 -0.249035 -0.234992 0.438452
1.050000 0.867382 -0.244621 -0.236872 0.441441
1.060000 0.864995 -0.240177 -0.238745 0.444401
1.070000 0.862589 -0.235704 -0.240609 0.447334
1.080000 0.860164 -0.231201 -0.242464 0.450238
1.090000 0.857721 -0.226670 -0.244312 0.453114
1.100000 0.855259 -0.222111 -0.246151 0.455961
1.110000 0.852779 -0.217523 -0.247981 0.458780
1.120000 0.850281 -0.212907 -0.249803 0.461570
1.130000 0.847765 -0.208264 -0.251617 0.464332
1.140000 0.845231 -0.203593 -0.253421 0.467064
1.150000 0.842679 -0.198895 -0.255218 0.469768
1.160000 0.840109 -0.194171 -0.257005 0.472442
1.170000 0.837521 -0.189420 -0.258784 0.475088
1.180000 0.834915 -0.184643 -0.260555 0.477703
1.190000 0.832292 -0.179840 -0.262316 0.480290
1.200000 0.829652 -0.175012 -0.264069 0.482847
1.210000 0.826993 -0.170158 -0.265813 0.485374
1.220000 0.824318 -0.165279 -0.267548 0.487872
1.230000 0.821625 -0.160376 -0.269275 0.490339
1.240000 0.818915 -0.155448 -0.270992 0.492777
1.250000 0.816188 -0.150496 -0.272701 0.495185
1.260000 0.813444 -0.145521 -0.274400 0.497562
1.270000 0.810683 -0.140522 -0.276091 0.499910
1.280000 0.807906 -0.135499 -0.277773 0.502227
1.290000 0.805111 -0.130454 -0.279445 0.504514
1.300000 0.802300 -0.125386 -0.281109 0.506770
1.310000 0.799472 -0.120296 -0.282763 0.508995
1.320000 0.796628 -0.115185 -0.284408 0.511190
1.330000 0.793768 -0.110051 -0.286044 0.513355
1.340000 0.790891 -0.104896 -0.287671 0.515488
1.350000 0.787998 -0.099720 -0.289289 0.517590
1.360000 0.785089 -0.094524 -0.290897 0.519662
1.370000 0.782164 -0.089307 -0.292496 0.521702
1.380000 0.779224 -0.084069 -0.294086 0.523712
1.390000 0.776267 -0.078813 -0.295667 0.525690
1.400000 0.773295 -0.073536 -0.297238 0.527636
1.410000 0.770307 -0.068241 -0.298799 0.529552
1.420000 0.767303 -0.062926 -0.300352 0.531436
1.430000 0.764284 -0.057593 -0.301894 0.533288
1.440000 0.761250 -0.052242 -0.303428 0.535109
1.450000 0.758200 -0.046873 -0.304952 0.536898
1.460000 0.755136 -0.041487 -0.306466 0.538656
1.470000 0.752056 -0.036083 -0.307971 0.540382
1.480000 0.748961 -0.030662 -0.309466 0.542076
1.490000 0.745852 -0.025225 -0.310951 0.543738
1.500000 0.742727 -0.019771 -0.312427 0.545368
1.510000 0.739589 -0.014302 -0.313894 0.546966
1.520000 0.736435 -0.008816 -0.315350 0.548532
1.530000 0.733267 -0.003316 -0.316797 0.550066
1.540000 0.730085 0.002200 -0.318234 0.551568
1.550000 0.726888 0.007731 -0.319662 0.553037
1.560000 0.723677 0.013275 -0.321079 0.554474
1.570000 0.720452 0.018834 -0.322487 0.555879
1.580000 0.717214 0.024407 -0.323885 0.557252
1.590000 0.713961 0.029992 -0.325273 0.558592
1.600000 0.710694 0.035591 -0.326652 0.559899
1.610000 0.707414 0.041203 -0.328020 0.561175
1.620000 0.704120 0.046827 -0.329379 0.562417
1.630000 0.700813 0.052464 -0.330727 0.563627
1.640000 0.697492 0.058112 -0.332066 0.564805
1.650000 0.694158 0.063771 -0.333395 0.565949
1.660000 0.690811 0.069442 -0.334713 0.567061
1.670000 0.687451 0.075123 -0.336022 0.568141
1.680000 0.684078 0.080815 -0.337320 0.569187
1.690000 0.680692 0.086517 -0.338609 0.570201
1.700000 0.677293 0.092229 -0.339887 0.571182
1.710000 0.673881 0.097950 -0.341156 0.572130
1.720000 0.670457 0.103681 -0.342414 0.573045
1.730000 0.667021 0.109420 -0.343662 0.573927
1.740000 0.663572 0.115168 -0.344900 0.574776
1.750000 0.660110 0.120924 -0.346128 0.575593
1.760000 0.656637 0.126687 -0.347346 0.576376
1.770000 0.653151 0.132459 -0.348553 0.577127
1.780000 0.649654 0.138237 -0.349750 0.577844
1.790000 0.646144 0.144022 -0.350937 0.578528
1.800000 0.642623 0.149814 -0.352114 0.579180
1.810000 0.639091 0.155612 -0.353280 0.579798
1.820000 0.635546 0.161416 -0.354436 0.580383
1.830000 0.631990 0.167225 -0.355582 0.580935
1.840000 0.628423 0.173040 -0.356718 0.581454
1.850000 0.624845 0.178859 -0.357843 0.581940
1.860000 0.621255 0.184683 -0.358958 0.582393
1.870000 0.617655 0.190511 -0.360062 0.582813
1.880000 0.614043 0.196343 -0.361156 0.583200
1.890000 0.610421 0.202179 -0.362240 0.583553
1.900000 0.606787 0.208018 -0.363313 0.583874
1.910000 0.603144 0.213859 -0.364376 0.584161
1.920000 0.599489 0.219703 -0.365428 0.584415
1.930000 0.595825 0.225550 -0.366470 0.584636
1.940000 0.592150 0.231398 -0.367502 0.584824
1.950000 0.588464 0.237248 -0.368523 0.584979
1.960000 0.584769 0.243099 -0.369533 0.585101
1.970000 0.581064 0.248951 -0.370533 0.585190
1.980000 0.577349 0.254803 -0.371523 0.585246
1.990000 0.573624 0.260656 -0.372502 0.585268
2.000000 0.569889 0.266508 -0.373470 0.585258
2.010000 0.566145 0.272361 -0.374428 0.585215
2.020000 0.562391 0.278212 -0.375375 0.585138
2.030000 0.558628 0.284062 -0.376312 0.585029
2.040000 0.554855 0.289911 -0.377238 0.584887
2.050000 0.551074 0.295758 -0.378154 0.584712
2.060000 0.547283 0.301603 -0.379059 0.584504
2.070000 0.543484 0.307446 -0.379953 0.584263
2.080000 0.539675 0.313286 -0.380837 0.583989
2.090000 0.535858 0.319123 -0.381710 0.583682
2.100000 0.532032 0.324956 -0.382573 0.583343
2.110000 0.528198 0.330786 -0.383424 0.582970
2.120000 0.524356 0.336611 -0.384266 0.582565
2.130000 0.520505 0.342433 -0.385096 0.582128
2.140000 0.516645 0.348249 -0.385916 0.581657
2.150000 0.512778 0.354061 -0.386725 0.581154
2.160000 0.508903 0.359867 -0.387524 0.580619
2.170000 0.505020 0.365667 -0.388312 0.580050
2.180000 0.501129 0.371462 -0.389089 0.579450
2.190000 0.497230 0.377250 -0.389855 0.578817
2.200000 0.493324 0.383032 -0.390611 0.578151
2.210000 0.489411 0.388806 -0.391356 0.577453
2.220000 0.485490 0.394573 -0.392091 0.576723
2.230000 0.481562 0.400333 -0.392814 0.575960
2.240000 0.477626 0.406085 -0.393527 0.575165
2.250000 0.473684 0.411828 -0.394229 0.574338
2.260000 0.469735 0.417563 -0.394921 0.573479
2.270000 0.465779 0.423289 -0.395601 0.572587
2.280000 0.461816 0.429005 -0.396271 0.571664
2.290000 0.457847 0.434712 -0.396930 0.570709
2.300000 0.453871 0.440410 -0.397579 0.569721
2.310000 0.449889 0.446097 -0.398217 0.568702
2.320000 0.445900 0.451773 -0.398844 0.567651
2.330000 0.441906 0.457439 -0.399460 0.566569
2.340000 0.437905 0.463093 -0.400065 0.565454
2.350000 0.433899 0.468736 -0.400660 0.564308
2.360000 0.429886 0.474368 -0.401244 0.563131
2.370000 0.425868 0.479987 -0.401817 0.561921
2.380000 0.421844 0.485594 -0.402379 0.560681
2.390000 0.417815 0.491188 -0.402931 0.559409
2.400000 0.413780 0.496769 -0.403472 0.558106
2.410000 0.409740 0.502337 -0.404002 0.556772
2.420000 0.405695 0.507891 -0.404521 0.555406
2.430000 0.401645 0.513431 -0.405030 0.554009
2.440000 0.397589 0.518957 -0.405528 0.552582
2.450000 0.393529 0.524468 -0.406015 0.551123
2.460000 0.389464 0.529964 -0.406491 0.549634
2.470000 0.385395 0.535445 -0.406957 0.548114
2.480000 0.381321 0.540911 -0.407411 0.546563
2.490000 0.377242 0.546361 -0.407855 0.544982
2.500000 0.373159 0.551794 -0.408289 0.543370
2.510000 0.369072 0.557212 -0.408711 0.541728
2.520000 0.364981 0.562612 -0.409123 0.540055
2.530000 0.360886 0.567996 -0.409524 0.538352
2.540000 0.356786 0.573362 -0.409914 0.536619
2.550000 0.352684 0.578711 -0.410294 0.534856
2.560000 0.348577 0.584041 -0.410663 0.533063
2.570000 0.344467 0.589354 -0.411021 0.531240
2.580000 0.340353 0.594647 -0.411368 0.529387
2.590000 0.336236 0.599923 -0.411705 0.527505
2.600000 0.332116 0.605178 -0.412031 0.525593
2.610000 0.327992 0.610415 -0.412346 0.523651
2.620000 0.323866 0.615632 -0.412651 0.521680
2.630000 0.319736 0.620829 -0.412945 0.519680
2.640000 0.315604 0.626005 -0.413228 0.517650
2.650000 0.311469 0.631161 -0.413500 0.515592
2.660000 0.307331 0.636296 -0.413762 0.513504
2.670000 0.303191 0.641410 -0.414013 0.511388
2.680000 0.299049 0.646502 -0.414254 0.509242
2.690000 0.294904 0.651573 -0.414483 0.507068
2.700000 0.290757 0.656622 -0.414703 0.504866
2.710000 0.286608 0.661648 -0.414911 0.502635
2.720000 0.282457 0.666652 -0.415109 0.500375
2.730000 0.278304 0.671633 -0.415296 0.498087
2.740000 0.274149 0.676590 -0.415473 0.495772
2.750000 0.269993 0.681525 -0.415639 0.493428
2.760000 0.265835 0.686435 -0.415794 0.491056
2.770000 0.261675 0.691322 -0.415939 0.488656
2.780000 0.257514 0.696184 -0.416073 0.486229
2.790000 0.253352 0.701022 -0.416197 0.483774
2.800000 0.249189 0.705835 -0.416310 0.481292
2.810000 0.245025 0.710623 -0.416413 0.478783
2.820000 0.240860 0.715385 -0.416505 0.476246
2.830000 0.236694 0.720122 -0.416586 0.473682
2.840000 0.232528 0.724833 -0.416657 0.471092
2.850000 0.228361 0.729517 -0.416718 0.468474
2.860000 0.224193 0.734176 -0.416768 0.465830
2.870000 0.220025 0.738807 -0.416807 0.463159
2.880000 0.215856 0.743412 -0.416837 0.460462
2.890000 0.211688 0.747989 -0.416855 0.457738
2.900000 0.207519 0.752539 -0.416863 0.454988
2.910000 0.203351 0.757061 -0.416861 0.452213
2.920000 0.199182 0.761556 -0.416848 0.449411
2.930000 0.195014 0.766021 -0.416825 0.446584
2.940000 0.190846 0.770459 -0.416792 0.443730
2.950000 0.186679 0.774867 -0.416748 0.440852
2.960000 0.182512 0.779247 -0.416694 0.437948
2.970000 0.178345 0.783597 -0.416629 0.435019
2.980000 0.174180 0.787917 -0.416554 0.432064
2.990000 0.170015 0.792208 -0.416469 0.429085
3.000000 0.165851 0.796469 -0.416373 0.426081
3.010000 0.161689 0.800700 -0.416267 0.423052
3.020000 0.157527 0.804900 -0.416151 0.419999
3.030000 0.153367 0.809069 -0.416025 0.416921
3.040000 0.149208 0.813207 -0.415888 0.413819
3.050000 0.145051 0.817314 -0.415741 0.410693
3.060000 0.140895 0.821389 -0.415584 0.407543
3.070000 0.136741 0.825433 -0.415417 0.404370
3.080000 0.132588 0.829445 -0.415240 0.401172
3.090000 0.128438 0.833424 -0.415052 0.397951
3.100000 0.124289 0.837371 -0.414854 0.394707
3.110000 0.120143 0.841286 -0.414647 0.391440
3.120000 0.115998 0.845167 -0.414429 0.388149
3.130000 0.111856 0.849016 -0.414201 0.384836
3.140000 0.107717 0.852831 -0.413963 0.381500
3.150000 0.103580 0.856612 -0.413714 0.378141
3.160000 0.099445 0.860360 -0.413456 0.374760
3.170000 0.095313 0.864073 -0.413188 0.371356
3.180000 0.091184 0.867753 -0.412910 0.367931
3.190000 0.087058 0.871397 -0.412622 0.364483
3.200000 0.082935 0.875007 -0.412323 0.361014
3.210000 0.078814 0.878583 -0.412015 0.357523
3.220000 0.074698 0.882123 -0.411697 0.354011
3.230000 0.070584 0.885628 -0.411370 0.350477
3.240000 0.066473 0.889097 -0.411032 0.346922
3.250000 0.062367 0.892530 -0.410684 0.343346
3.260000 0.058263 0.895928 -0.410327 0.339750
3.270000 0.054164 0.899289 -0.409959 0.336132
3.280000 0.050068 0.902614 -0.409582 0.332495
3.290000 0.045976 0.905902 -0.409196 0.328836
3.300000 0.041888 0.909154 -0.408799 0.325158
3.310000 0.037804 0.912369 -0.408393 0.321460
3.320000 0.033724 0.915546 -0.407977 0.317742
3.330000 0.029649 0.918686 -0.407551 0.314004
3.340000 0.025578 0.921789 -0.407116 0.310247
3.350000 0.021511 0.924853 -0.406671 0.306471
3.360000 0.017449 0.927880 -0.406216 0.302675
3.370000 0.013391 0.930869 -0.405752 0.298860
3.380000 0.009338 0.933819 -0.405278 0.295027
3.390000 0.005291 0.936731 -0.404795 0.291175
3.400000 0.001247 0.939604 -0.404302 0.287305
3.410000 -0.002791 0.942438 -0.403800 0.283416
3.420000 -0.006823 0.945233 -0.403288 0.279509
3.430000 -0.010851 0.947989 -0.402767 0.275585
3.440000 -0.014873 0.950705 -0.402237 0.271643
3.450000 -0.018890 0.953382 -0.401697 0.267683
3.460000 -0.022902 0.956019 -0.401147 0.263705
3.470000 -0.026908 0.958616 -0.400589 0.259711
3.480000 -0.030908 0.961173 -0.400021 0.255700
3.490000 -0.034902 0.963690 -0.399443 0.251671
3.500000 -0.038891 0.966166 -0.398857 0.247627
3.510000 -0.042874 0.968602 -0.398261 0.243565
3.520000 -0.046850 0.970997 -0.397656 0.239488
3.530000 -0.050821 0.973351 -0.397042 0.235394
3.540000 -0.054785 0.975663 -0.396418 0.231284
3.550000 -0.058743 0.977935 -0.395786 0.227159
3.560000 -0.062694 0.980165 -0.395144 0.223018
3.570000 -0.066639 0.982354 -0.394494 0.218862
3.580000 -0.070577 0.984501 -0.393834 0.214691
3.590000 -0.074509 0.986606 -0.393165 0.210504
3.600000 -0.078434 0.988669 -0.392488 0.206303
3.610000 -0.082352 0.990690 -0.391801 0.202088
3.620000 -0.086263 0.992668 -0.391105 0.197858
3.630000 -0.090167 0.994604 -0.390401 0.193613
3.640000 -0.094064 0.996498 -0.389687 0.189355
3.650000 -0.097953 0.998349 -0.388965 0.185083
3.660000 -0.101836 1.000157 -0.388234 0.180797
3.670000 -0.105711 1.001922 -0.387494 0.176498
3.680000 -0.109578 1.003644 -0.386745 0.172185
3.690000 -0.113438 1.005322 -0.385988 0.167860
3.700000 -0.117290 1.006957 -0.385222 0.163521
3.710000 -0.121135 1.008549 -0.384447 0.159170
3.720000 -0.124971 1.010097 -0.383664 0.154807
3.730000 -0.128800 1.011601 -0.382872 0.150431
3.740000 -0.132621 1.013062 -0.382071 0.146043
3.750000 -0.136433 1.014478 -0.381262 0.141643
3.760000 -0.140238 1.015851 -0.380444 0.137231
3.770000 -0.144034 1.017179 -0.379618 0.132808
3.780000 -0.147822 1.018462 -0.378784 0.128374
3.790000 -0.151601 1.019702 -0.377941 0.123928
3.800000 -0.155372 1.020896 -0.377089 0.119472
3.810000 -0.159134 1.022047 -0.376229 0.115005
3.820000 -0.162888 1.023152 -0.375361 0.110527
3.830000 -0.166633 1.024212 -0.374485 0.106039
3.840000 -0.170369 1.025228 -0.373600 0.101541
3.850000 -0.174096 1.026198 -0.372707 0.097033
3.860000 -0.177814 1.027123 -0.371806 0.092516
3.870000 -0.181523 1.028003 -0.370897 0.087988
3.880000 -0.185223 1.028837 -0.369979 0.083452
3.890000 -0.188913 1.029627 -0.369054 0.078906
3.900000 -0.192595 1.030370 -0.368120 0.074352
3.910000 -0.196266 1.031068 -0.367179 0.069788
3.920000 -0.199929 1.031720 -0.366229 0.065217
3.930000 -0.203581 1.032326 -0.365271 0.060636
3.940000 -0.207224 1.032887 -0.364306 0.056048
3.950000 -0.210858 1.033401 -0.363332 0.051452
3.960000 -0.214481 1.033870 -0.362351 0.046848
3.970000 -0.218095 1.034292 -0.361362 0.042237
3.980000 -0.221699 1.034669 -0.360365 0.037618
3.990000 -0.225292 1.034998 -0.359360 0.032993
4.000000 -0.228876 1.035282 -0.358348 0.028360
4.010000 -0.232449 1.035519 -0.357328 0.023721
4.020000 -0.236012 1.035710 -0.356300 0.019075
4.030000 -0.239565 1.035854 -0.355265 0.014423
4.040000 -0.243107 1.035952 -0.354222 0.009765
4.050000 -0.246638 1.036003 -0.353171 0.005101
4.060000 -0.250160 1.036007 -0.352113 0.000432
4.070000 -0.253670 1.035965 -0.351047 -0.004243
4.080000 -0.257170 1.035876 -0.349974 -0.008924
4.090000 -0.260659 1.035739 -0.348894 -0.013609
4.100000 -0.264137 1.035556 -0.347806 -0.018299
4.110000 -0.267604 1.035327 -0.346711 -0.022994
4.120000 -0.271060 1.035050 -0.345609 -0.027693
4.130000 -0.274505 1.034726 -0.344499 -0.032396
4.140000 -0.277939 1.034355 -0.343382 -0.037104
4.150000 -0.281361 1.033936 -0.342258 -0.041815
4.160000 -0.284773 1.033471 -0.341127 -0.046530
4.170000 -0.288173 1.032959 -0.339989 -0.051248
4.180000 -0.291561 1.032399 -0.338843 -0.055969
4.190000 -0.294938 1.031792 -0.337691 -0.060694
4.200000 -0.298303 1.031138 -0.336531 -0.065421
4.210000 -0.301657 1.030436 -0.335365 -0.070151
4.220000 -0.304999 1.029688 -0.334191 -0.074883
4.230000 -0.308329 1.028891 -0.333011 -0.079617
4.240000 -0.311647 1.028048 -0.331824 -0.084353
4.250000 -0.314953 1.027157 -0.330630 -0.089091
4.260000 -0.318248 1.026219 -0.329430 -0.093830
4.270000 -0.321530 1.025233 -0.328222 -0.098571
4.280000 -0.324800 1.024200 -0.327008 -0.103313
4.290000 -0.328058 1.023119 -0.325787 -0.108055
4.300000 -0.331304 1.021991 -0.324560 -0.112799
4.310000 -0.334537 1.020816 -0.323326 -0.117543
4.320000 -0.337758 1.019593 -0.322085 -0.122287
4.330000 -0.340966 1.018323 -0.320838 -0.127031
4.340000 -0.344162 1.017005 -0.319585 -0.131775
4.350000 -0.347345 1.015640 -0.318325 -0.136519
4.360000 -0.350516 1.014227 -0.317059 -0.141263
4.370000 -0.353674 1.012767 -0.315786 -0.146005
4.380000 -0.356819 1.011260 -0.314507 -0.150747
4.390000 -0.359951 1.009705 -0.313222 -0.155487
4.400000 -0.363070 1.008102 -0.311931 -0.160226
4.410000 -0.366176 1.006453 -0.310633 -0.164963
4.420000 -0.369270 1.004756 -0.309329 -0.169699
4.430000 -0.372350 1.003011 -0.308020 -0.174433
4.440000 -0.375417 1.001220 -0.306704 -0.179164
4.450000 -0.378471 0.999381 -0.305382 -0.183893
4.460000 -0.381511 0.997495 -0.304054 -0.188620
4.470000 -0.384539 0.995561 -0.302720 -0.193344
4.480000 -0.387552 0.993581 -0.301380 -0.198064
4.490000 -0.390553 0.991553 -0.300035 -0.202782
4.500000 -0.393540 0.989478 -0.298683 -0.207496
4.510000 -0.396513 0.987356 -0.297326 -0.212206
4.520000 -0.399472 0.985187 -0.295963 -0.216912
4.530000 -0.402418 0.982970 -0.294594 -0.221615
4.540000 -0.405351 0.980707 -0.293220 -0.226313
4.550000 -0.408269 0.978397 -0.291840 -0.231007
4.560000 -0.411174 0.976040 -0.290455 -0.235696
4.570000 -0.414064 0.973637 -0.289064 -0.240380
4.580000 -0.416941 0.971186 -0.287667 -0.245060
4.590000 -0.419804 0.968689 -0.286265 -0.249734
4.600000 -0.422652 0.966145 -0.284858 -0.254402
4.610000 -0.425487 0.963554 -0.283445 -0.259065
4.620000 -0.428307 0.960917 -0.282027 -0.263722
4.630000 -0.431113 0.958233 -0.280604 -0.268373
4.640000 -0.433905 0.955503 -0.279175 -0.273017
4.650000 -0.436682 0.952726 -0.277742 -0.277655
4.660000 -0.439445 0.949903 -0.276303 -0.282287
4.670000 -0.442194 0.947034 -0.274859 -0.286912
4.680000 -0.444928 0.944119 -0.273410 -0.291529
4.690000 -0.447647 0.941158 -0.271956 -0.296139
4.700000 -0.450352 0.938150 -0.270497 -0.300742
4.710000 -0.453043 0.935097 -0.269033 -0.305337
4.720000 -0.455718 0.931998 -0.267564 -0.309924
4.730000 -0.458379 0.928853 -0.266090 -0.314503
4.740000 -0.461025 0.925662 -0.264611 -0.319074
4.750000 -0.463657 0.922425 -0.263128 -0.323637
4.760000 -0.466273 0.919143 -0.261640 -0.328190
4.770000 -0.468874 0.915816 -0.260147 -0.332735
4.780000 -0.471461 0.912443 -0.258650 -0.337271
4.790000 -0.474032 0.909025 -0.257148 -0.341797
4.800000 -0.476589 0.905562 -0.255641 -0.346315
4.810000 -0.479130 0.902054 -0.254130 -0.350822
4.820000 -0.481656 0.898501 -0.252615 -0.355320
4.830000 -0.484167 0.894903 -0.251095 -0.359807
4.840000 -0.486663 0.891260 -0.249571 -0.364284
4.850000 -0.489143 0.887572 -0.248042 -0.368751
4.860000 -0.491608 0.883840 -0.246509 -0.373208
4.870000 -0.494058 0.880064 -0.244972 -0.377653
4.880000 -0.496492 0.876243 -0.243431 -0.382088
4.890000 -0.498911 0.872378 -0.241885 -0.386511
4.900000 -0.501315 0.868469 -0.240336 -0.390923
4.910000 -0.503702 0.864515 -0.238782 -0.395323
4.920000 -0.506075 0.860518 -0.237224 -0.399712
4.930000 -0.508431 0.856477 -0.235662 -0.404088
4.940000 -0.510772 0.852393 -0.234097 -0.408453
4.950000 -0.513098 0.848265 -0.232527 -0.412805
4.960000 -0.515407 0.844093 -0.230954 -0.417144
4.970000 -0.517701 0.839879 -0.229377 -0.421471
4.980000 -0.519979 0.835621 -0.227796 -0.425785
4.990000 -0.522241 0.831320 -0.226211 -0.430086
5.000000 -0.524487 0.826976 -0.224623 -0.434373
5.010000 -0.526717 0.822590 -0.223031 -0.438648
5.020000 -0.528932 0.818161 -0.221435 -0.442908
5.030000 -0.531130 0.813689 -0.219836 -0.447155
5.040000 -0.533313 0.809175 -0.218233 -0.451388
5.050000 -0.535479 0.804619 -0.216627 -0.455606
5.060000 -0.537629 0.800021 -0.215018 -0.459810
5.070000 -0.539763 0.795381 -0.213405 -0.464000
5.080000 -0.541881 0.790699 -0.211789 -0.468175
5.090000 -0.543983 0.785976 -0.210169 -0.472334
5.100000 -0.546068 0.781211 -0.208547 -0.476479
5.110000 -0.548137 0.776405 -0.206921 -0.480609
5.120000 -0.550190 0.771558 -0.205292 -0.484723
5.130000 -0.552227 0.766670 -0.203660 -0.488821
5.140000 -0.554247 0.761741 -0.202024 -0.492904
5.150000 -0.556251 0.756771 -0.200386 -0.496971
5.160000 -0.558238 0.751761 -0.198745 -0.501021
5.170000 -0.560209 0.746710 -0.197101 -0.505055
5.180000 -0.562164 0.741619 -0.195454 -0.509073
5.190000 -0.564102 0.736489 -0.193805 -0.513074
5.200000 -0.566023 0.731318 -0.192152 -0.517058
5.210000 -0.567928 0.726108 -0.190497 -0.521025
5.220000 -0.569817 0.720858 -0.188839 -0.524975
5.230000 -0.571689 0.715569 -0.187178 -0.528907
5.240000 -0.573544 0.710241 -0.185515 -0.532822
5.250000 -0.575382 0.704874 -0.183849 -0.536720
5.260000 -0.577204 0.699468 -0.182181 -0.540599
5.270000 -0.579009 0.694023 -0.180510 -0.544460
5.280000 -0.580798 0.688540 -0.178837 -0.548303
5.290000 -0.582569 0.683019 -0.177162 -0.552128
5.300000 -0.584324 0.677459 -0.175484 -0.555934
5.310000 -0.586062 0.671862 -0.173804 -0.559722
5.320000 -0.587783 0.666227 -0.172121 -0.563490
5.330000 -0.589488 0.660555 -0.170437 -0.567240
5.340000 -0.591175 0.654845 -0.168750 -0.570970
5.350000 -0.592846 0.649098 -0.167061 -0.574681
5.360000 -0.594499 0.643315 -0.165370 -0.578373
5.370000 -0.596136 0.637494 -0.163677 -0.582044
5.380000 -0.597756 0.631637 -0.161982 -0.585696
5.390000 -0.599359 0.625744 -0.160285 -0.589328
5.400000 -0.600945 0.619815 -0.158586 -0.592940
5.410000 -0.602514 0.613849 -0.156886 -0.596531
5.420000 -0.604065 0.607848 -0.155183 -0.600102
5.430000 -0.605600 0.601812 -0.153479 -0.603652
5.440000 -0.607118 0.595740 -0.151773 -0.607182
5.450000 -0.608619 0.589633 -0.150066 -0.610691
5.460000 -0.610102 0.583491 -0.148357 -0.614178
5.470000 -0.611569 0.577315 -0.146646 -0.617644
5.480000 -0.613018 0.571104 -0.144934 -0.621089
5.490000 -0.614450 0.564859 -0.143220 -0.624512
5.500000 -0.615865 0.558580 -0.141505 -0.627914
5.510000 -0.617263 0.552267 -0.139789 -0.631294
5.520000 -0.618644 0.545920 -0.138071 -0.634652
5.530000 -0.620007 0.539540 -0.136351 -0.637987
5.540000 -0.621354 0.533127 -0.134631 -0.641301
5.550000 -0.622683 0.526681 -0.132909 -0.644591
5.560000 -0.623995 0.520203 -0.131186 -0.647860
5.570000 -0.625289 0.513692 -0.129462 -0.651106
5.580000 -0.626567 0.507148 -0.127737 -0.654328
5.590000 -0.627827 0.500573 -0.126011 -0.657528
5.600000 -0.629070 0.493966 -0.124284 -0.660705
5.610000 -0.630295 0.487328 -0.122556 -0.663858
5.620000 -0.631503 0.480658 -0.120827 -0.666988
5.630000 -0.632694 0.473957 -0.119098 -0.670095
5.640000 -0.633868 0.467225 -0.117367 -0.673177
5.650000 -0.635024 0.460463 -0.115636 -0.676236
5.660000 -0.636163 0.453670 -0.113903 -0.679271
5.670000 -0.637285 0.446847 -0.112171 -0.682282
5.680000 -0.638389 0.439994 -0.110437 -0.685269
5.690000 -0.639477 0.433112 -0.108703 -0.688231
5.700000 -0.640546 0.426200 -0.106969 -0.691169
5.710000 -0.641599 0.419260 -0.105234 -0.694082
5.720000 -0.642634 0.412290 -0.103498 -0.696970
5.730000 -0.643651 0.405291 -0.101762 -0.699834
5.740000 -0.644651 0.398265 -0.100026 -0.702673
5.750000 -0.645634 0.391210 -0.098289 -0.705486
5.760000 -0.646600 0.384127 -0.096552 -0.708274
5.770000 -0.647548 0.377017 -0.094815 -0.711037
5.780000 -0.648479 0.369879 -0.093078 -0.713775
5.790000 -0.649392 0.362714 -0.091340 -0.716486
5.800000 -0.650288 0.355522 -0.089602 -0.719172
5.810000 -0.651167 0.348304 -0.087865 -0.721833
5.820000 -0.652028 0.341059 -0.086127 -0.724467
5.830000 -0.652872 0.333789 -0.084389 -0.727075
5.840000 -0.653698 0.326492 -0.082651 -0.729657
5.850000 -0.654508 0.319170 -0.080914 -0.732212
5.860000 -0.655299 0.311823 -0.079176 -0.734742
5.870000 -0.656074 0.304450 -0.077439 -0.737244
5.880000 -0.656831 0.297053 -0.075702 -0.739720
5.890000 -0.657570 0.289631 -0.073966 -0.742169
5.900000 -0.658293 0.282185 -0.072229 -0.744592
5.910000 -0.658998 0.274715 -0.070493 -0.746987
5.920000 -0.659685 0.267222 -0.068758 -0.749355
5.930000 -0.660355 0.259705 -0.067022 -0.751696
5.940000 -0.661008 0.252165 -0.065288 -0.754010
5.950000 -0.661644 0.244602 -0.063554 -0.756296
5.960000 -0.662262 0.237016 -0.061820 -0.758555
5.970000 -0.662863 0.229408 -0.060087 -0.760786
5.980000 -0.663447 0.221779 -0.058355 -0.762990
5.990000 -0.664013 0.214127 -0.056623 -0.765165
6.000000 -0.664562 0.206454 -0.054892 -0.767313
6.010000 -0.665093 0.198759 -0.053162 -0.769433
6.020000 -0.665608 0.191044 -0.051433 -0.771524
6.030000 -0.666105 0.183308 -0.049705 -0.773588
6.040000 -0.666584 0.175552 -0.047978 -0.775623
6.050000 -0.667047 0.167776 -0.046251 -0.777630
6.060000 -0.667492 0.159980 -0.044526 -0.779608
6.070000 -0.667920 0.152164 -0.042801 -0.781558
6.080000 -0.668331 0.144329 -0.041078 -0.783479
6.090000 -0.668725 0.136476 -0.039356 -0.785371
6.100000 -0.669101 0.128603 -0.037635 -0.787234
6.110000 -0.669460 0.120713 -0.035915 -0.789069
6.120000 -0.669802 0.112804 -0.034197 -0.790874
6.130000 -0.670127 0.104877 -0.032479 -0.792650
6.140000 -0.670434 0.096933 -0.030763 -0.794398
6.150000 -0.670725 0.088972 -0.029049 -0.796115
6.160000 -0.670998 0.080994 -0.027336 -0.797804
6.170000 -0.671255 0.073000 -0.025624 -0.799463
6.180000 -0.671494 0.064989 -0.023914 -0.801093
6.190000 -0.671716 0.056962 -0.022205 -0.802693
6.200000 -0.671921 0.048919 -0.020498 -0.804263
6.210000 -0.672109 0.040861 -0.018793 -0.805804
6.220000 -0.672280 0.032788 -0.017089 -0.807315
6.230000 -0.672433 0.024700 -0.015387 -0.808796
6.240000 -0.672570 0.016597 -0.013687 -0.810247
6.250000 -0.672690 0.008481 -0.011988 -0.811668
6.260000 -0.672793 0.000350 -0.010291 -0.813059
6.270000 -0.672879 -0.007794 -0.008597 -0.814419
6.280000 -0.672948 -0.015951 -0.006904 -0.815750
6.290000 -0.673000 -0.024122 -0.005213 -0.817050
6.300000 -0.673035 -0.032305 -0.003524 -0.818320
6.310000 -0.673054 -0.040501 -0.001837 -0.819560
6.320000 -0.673055 -0.048708 -0.000152 -0.820769
6.330000 -0.673040 -0.056928 0.001531 -0.821947
6.340000 -0.673008 -0.065159 0.003212 -0.823095
6.350000 -0.672959 -0.073401 0.004890 -0.824212
6.360000 -0.672893 -0.081654 0.006567 -0.825299
6.370000 -0.672811 -0.089918 0.008241 -0.826354
6.380000 -0.672712 -0.098191 0.009912 -0.827379
6.390000 -0.672596 -0.106475 0.011582 -0.828373
6.400000 -0.672463 -0.114768 0.013249 -0.829337
6.410000 -0.672314 -0.123071 0.014913 -0.830269
6.420000 -0.672149 -0.131383 0.016576 -0.831170
6.430000 -0.671966 -0.139703 0.018235 -0.832040
6.440000 -0.671767 -0.148032 0.019892 -0.832879
6.450000 -0.671552 -0.156369 0.021547 -0.833686
6.460000 -0.671320 -0.164713 0.023199 -0.834463
6.470000 -0.671071 -0.173066 0.024848 -0.835208
6.480000 -0.670806 -0.181425 0.026495 -0.835922
6.490000 -0.670525 -0.189791 0.028139 -0.836605
6.500000 -0.670227 -0.198163 0.029780 -0.837256
6.510000 -0.669913 -0.206542 0.031418 -0.837876
6.520000 -0.669583 -0.214927 0.033054 -0.838464
6.530000 -0.669236 -0.223317 0.034686 -0.839021
6.540000 -0.668872 -0.231712 0.036316 -0.839546
6.550000 -0.668493 -0.240113 0.037943 -0.840040
6.560000 -0.668097 -0.248518 0.039567 -0.840502
6.570000 -0.667686 -0.256927 0.041187 -0.840933
6.580000 -0.667257 -0.265341 0.042805 -0.841332
6.590000 -0.666813 -0.273758 0.044420 -0.841699
6.600000 -0.666353 -0.282178 0.046031 -0.842034
6.610000 -0.665877 -0.290601 0.047640 -0.842338
6.620000 -0.665384 -0.299027 0.049245 -0.842610
6.630000 -0.664876 -0.307456 0.050847 -0.842850
6.640000 -0.664351 -0.315886 0.052445 -0.843058
6.650000 -0.663811 -0.324319 0.054041 -0.843235
6.660000 -0.663254 -0.332753 0.055633 -0.843380
6.670000 -0.662682 -0.341188 0.057221 -0.843492
6.680000 -0.662094 -0.349623 0.058806 -0.843573
6.690000 -0.661490 -0.358059 0.060388 -0.843622
6.700000 -0.660871 -0.366496 0.061966 -0.843639
6.710000 -0.660235 -0.374932 0.063541 -0.843624
6.720000 -0.659584 -0.383368 0.065112 -0.843577
6.730000 -0.658917 -0.391803 0.066680 -0.843499
6.740000 -0.658235 -0.400237 0.068244 -0.843388
6.750000 -0.657537 -0.408669 0.069804 -0.843245
6.760000 -0.656823 -0.417100 0.071361 -0.843070
6.770000 -0.656094 -0.425529 0.072913 -0.842863
6.780000 -0.655349 -0.433955 0.074463 -0.842625
6.790000 -0.654589 -0.442378 0.076008 -0.842354
6.800000 -0.653814 -0.450799 0.077549 -0.842051
6.810000 -0.653023 -0.459216 0.079087 -0.841716
6.820000 -0.652217 -0.467629 0.080621 -0.841349
6.830000 -0.651395 -0.476039 0.082150 -0.840950
6.840000 -0.650559 -0.484444 0.083676 -0.840519
6.850000 -0.649707 -0.492845 0.085198 -0.840057
6.860000 -0.648839 -0.501240 0.086716 -0.839562
6.870000 -0.647957 -0.509631 0.088229 -0.839035
6.880000 -0.647060 -0.518015 0.089739 -0.838476
6.890000 -0.646147 -0.526394 0.091245 -0.837885
6.900000 -0.645220 -0.534767 0.092746 -0.837262
6.910000 -0.644277 -0.543133 0.094243 -0.836607
6.920000 -0.643320 -0.551492 0.095736 -0.835920
6.930000 -0.642348 -0.559844 0.097224 -0.835202
6.940000 -0.641361 -0.568189 0.098709 -0.834451
6.950000 -0.640359 -0.576525 0.100189 -0.833668
6.960000 -0.639342 -0.584854 0.101664 -0.832854
6.970000 -0.638311 -0.593174 0.103136 -0.832008
6.980000 -0.637265 -0.601485 0.104603 -0.831129
6.990000 -0.636204 -0.609788 0.106065 -0.830219
7.000000 -0.635129 -0.618080 0.107523 -0.829278
7.010000 -0.634039 -0.626363 0.108976 -0.828304
7.020000 -0.632935 -0.634636 0.110425 -0.827298
7.030000 -0.631816 -0.642899 0.111870 -0.826261
7.040000 -0.630683 -0.651151 0.113309 -0.825192
7.050000 -0.629536 -0.659392 0.114744 -0.824092
7.060000 -0.628374 -0.667621 0.116175 -0.822960
7.070000 -0.627198 -0.675839 0.117600 -0.821796
7.080000 -0.626008 -0.684045 0.119021 -0.820600
7.090000 -0.624803 -0.692239 0.120438 -0.819373
7.100000 -0.623585 -0.700420 0.121849 -0.818115
7.110000 -0.622352 -0.708588 0.123256 -0.816825
7.120000 -0.621106 -0.716743 0.124658 -0.815503
7.130000 -0.619845 -0.724885 0.126055 -0.814150
7.140000 -0.618571 -0.733013 0.127447 -0.812766
7.150000 -0.617282 -0.741126 0.128834 -0.811350
7.160000 -0.615980 -0.749225 0.130216 -0.809903
7.170000 -0.614664 -0.757309 0.131593 -0.808425
7.180000 -0.613335 -0.765379 0.132965 -0.806915
7.190000 -0.611991 -0.773432 0.134332 -0.805375
7.200000 -0.610634 -0.781470 0.135694 -0.803803
7.210000 -0.609264 -0.789492 0.137051 -0.802200
7.220000 -0.607880 -0.797498 0.138403 -0.800566
7.230000 -0.606482 -0.805487 0.139750 -0.798901
7.240000 -0.605071 -0.813459 0.141091 -0.797205
7.250000 -0.603647 -0.821414 0.142428 -0.795478
7.260000 -0.602210 -0.829351 0.143759 -0.793721
7.270000 -0.600759 -0.837270 0.145085 -0.791932
7.280000 -0.599295 -0.845172 0.146405 -0.790113
7.290000 -0.597817 -0.853054 0.147720 -0.788264
7.300000 -0.596327 -0.860918 0.149030 -0.786383
7.310000 -0.594824 -0.868763 0.150335 -0.784472
7.320000 -0.593307 -0.876588 0.151634 -0.782531
7.330000 -0.591778 -0.884394 0.152928 -0.780559
7.340000 -0.590236 -0.892179 0.154216 -0.778557
7.350000 -0.588681 -0.899944 0.155499 -0.776524
7.360000 -0.587113 -0.907689 0.156776 -0.774461
7.370000 -0.585533 -0.915413 0.158048 -0.772368
7.380000 -0.583940 -0.923115 0.159314 -0.770245
7.390000 -0.582334 -0.930796 0.160575 -0.768092
7.400000 -0.580716 -0.938455 0.161830 -0.765909
7.410000 -0.579085 -0.946092 0.163080 -0.763696
7.420000 -0.577442 -0.953707 0.164323 -0.761453
7.430000 -0.575786 -0.961298 0.165562 -0.759181
7.440000 -0.574118 -0.968867 0.166794 -0.756879
7.450000 -0.572438 -0.976413 0.168021 -0.754547
7.460000 -0.570745 -0.983935 0.169242 -0.752185
7.470000 -0.569041 -0.991433 0.170457 -0.749794
7.480000 -0.567324 -0.998906 0.171667 -0.747374
7.490000 -0.565595 -1.006356 0.172871 -0.744925
7.500000 -0.563855 -1.013780 0.174069 -0.742446
7.510000 -0.562102 -1.021179 0.175261 -0.739938
7.520000 -0.560338 -1.028553 0.176447 -0.737401
7.530000 -0.558561 -1.035902 0.177627 -0.734835
7.540000 -0.556773 -1.043224 0.178801 -0.732240
7.550000 -0.554974 -1.050520 0.179970 -0.729617
7.560000 -0.553162 -1.057790 0.181132 -0.726964
7.570000 -0.551339 -1.065033 0.182289 -0.724283
7.580000 -0.549505 -1.072248 0.183439 -0.721574
7.590000 -0.547659 -1.079437 0.184584 -0.718836
7.600000 -0.545802 -1.086598 0.185722 -0.716069
7.610000 -0.543933 -1.093730 0.186855 -0.713275
7.620000 -0.542054 -1.100835 0.187981 -0.710452
7.630000 -0.540163 -1.107911 0.189101 -0.707601
7.640000 -0.538260 -1.114958 0.190215 -0.704722
7.650000 -0.536347 -1.121976 0.191323 -0.701815
7.660000 -0.534423 -1.128965 0.192425 -0.698881
7.670000 -0.532488 -1.135924 0.193520 -0.695919
7.680000 -0.530542 -1.142853 0.194609 -0.692929
7.690000 -0.528585 -1.149753 0.195692 -0.689911
7.700000 -0.526617 -1.156621 0.196769 -0.686867
7.710000 -0.524639 -1.163459 0.197840 -0.683795
7.720000 -0.522650 -1.170266 0.198904 -0.680696
7.730000 -0.520650 -1.177042 0.199962 -0.677569
7.740000 -0.518640 -1.183786 0.201014 -0.674416
7.750000 -0.516619 -1.190498 0.202059 -0.671236
7.760000 -0.514588 -1.197179 0.203098 -0.668029
7.770000 -0.512547 -1.203827 0.204131 -0.664795
7.780000 -0.510495 -1.210442 0.205157 -0.661535
7.790000 -0.508434 -1.217024 0.206177 -0.658249
7.800000 -0.506362 -1.223574 0.207190 -0.654936
7.810000 -0.504280 -1.230090 0.208197 -0.651597
7.820000 -0.502188 -1.236572 0.209198 -0.648232
7.830000 -0.500086 -1.243021 0.210191 -0.644841
7.840000 -0.497974 -1.249435 0.211179 -0.641424
7.850000 -0.495853 -1.255815 0.212160 -0.637981
7.860000 -0.493721 -1.262160 0.213134 -0.634513
7.870000 -0.491580 -1.268470 0.214102 -0.631019
7.880000 -0.489430 -1.274745 0.215064 -0.627499
7.890000 -0.487269 -1.280984 0.216018 -0.623955
7.900000 -0.485100 -1.287188 0.216966 -0.620385
7.910000 -0.482921 -1.293356 0.217908 -0.616791
7.920000 -0.480732 -1.299488 0.218843 -0.613171
7.930000 -0.478534 -1.305583 0.219771 -0.609526
7.940000 -0.476328 -1.311642 0.220693 -0.605857
7.950000 -0.474111 -1.317663 0.221608 -0.602164
7.960000 -0.471886 -1.323648 0.222516 -0.598446
7.970000 -0.469652 -1.329595 0.223418 -0.594704
7.980000 -0.467409 -1.335504 0.224312 -0.590937
7.990000 -0.465157 -1.341376 0.225201 -0.587147
8.000000 -0.462896 -1.347209 0.226082 -0.583332
8.010000 -0.460627 -1.353004 0.226957 -0.579494
8.020000 -0.458348 -1.358760 0.227824 -0.575633
8.030000 -0.456061 -1.364478 0.228686 -0.571748
8.040000 -0.453766 -1.370156 0.229540 -0.567839
8.050000 -0.451462 -1.375795 0.230387 -0.563907
8.060000 -0.449150 -1.381395 0.231228 -0.559952
8.070000 -0.446829 -1.386955 0.232062 -0.555975
8.080000 -0.444500 -1.392474 0.232889 -0.551974
8.090000 -0.442163 -1.397954 0.233709 -0.547951
8.100000 -0.439818 -1.403393 0.234522 -0.543905
8.110000 -0.437465 -1.408791 0.235329 -0.539837
8.120000 -0.435104 -1.414149 0.236128 -0.535746
8.130000 -0.432734 -1.419465 0.236921 -0.531634
8.140000 -0.430357 -1.424740 0.237706 -0.527499
8.150000 -0.427972 -1.429973 0.238485 -0.523343
8.160000 -0.425580 -1.435165 0.239257 -0.519165
8.170000 -0.423180 -1.440315 0.240022 -0.514965
8.180000 -0.420772 -1.445422 0.240780 -0.510744
8.190000 -0.418357 -1.450487 0.241531 -0.506502
8.200000 -0.415934 -1.455510 0.242275 -0.502239
8.210000 -0.413504 -1.460489 0.243012 -0.497955
8.220000 -0.411066 -1.465426 0.243742 -0.493650
8.230000 -0.408622 -1.470319 0.244465 -0.489324
8.240000 -0.406170 -1.475169 0.245181 -0.484978
8.250000 -0.403711 -1.479975 0.245890 -0.480611
8.260000 -0.401245 -1.484737 0.246592 -0.476225
8.270000 -0.398772 -1.489455 0.247286 -0.471818
8.280000 -0.396292 -1.494129 0.247974 -0.467391
8.290000 -0.393806 -1.498759 0.248655 -0.462945
8.300000 -0.391313 -1.503343 0.249329 -0.458479
8.310000 -0.388813 -1.507883 0.249995 -0.453994
8.320000 -0.386306 -1.512378 0.250655 -0.449489
8.330000 -0.383793 -1.516828 0.251307 -0.444965
8.340000 -0.381273 -1.521232 0.251953 -0.440423
8.350000 -0.378748 -1.525591 0.252591 -0.435861
8.360000 -0.376215 -1.529903 0.253222 -0.431281
8.370000 -0.373677 -1.534170 0.253846 -0.426683
8.380000 -0.371132 -1.538391 0.254463 -0.422066
8.390000 -0.368581 -1.542565 0.255073 -0.417431
8.400000 -0.366025 -1.546693 0.255675 -0.412778
8.410000 -0.363462 -1.550774 0.256271 -0.408107
8.420000 -0.360893 -1.554808 0.256859 -0.403418
8.430000 -0.358319 -1.558795 0.257440 -0.398712
8.440000 -0.355739 -1.562735 0.258014 -0.393989
8.450000 -0.353153 -1.566628 0.258581 -0.389248
8.460000 -0.350562 -1.570473 0.259141 -0.384491
8.470000 -0.347965 -1.574270 0.259693 -0.379716
8.480000 -0.345362 -1.578019 0.260239 -0.374925
8.490000 -0.342755 -1.581720 0.260777 -0.370118
8.500000 -0.340141 -1.585373 0.261308 -0.365294
8.510000 -0.337523 -1.588978 0.261831 -0.360454
8.520000 -0.334900 -1.592534 0.262348 -0.355598
8.530000 -0.332271 -1.596041 0.262857 -0.350726
8.540000 -0.329638 -1.599499 0.263359 -0.345839
8.550000 -0.326999 -1.602909 0.263854 -0.340936
8.560000 -0.324356 -1.606269 0.264342 -0.336017
8.570000 -0.321707 -1.609580 0.264822 -0.331084
8.580000 -0.319054 -1.612841 0.265295 -0.326135
8.590000 -0.316397 -1.616053 0.265762 -0.321172
8.600000 -0.313735 -1.619215 0.266220 -0.316194
8.610000 -0.311068 -1.622327 0.266672 -0.311202
8.620000 -0.308397 -1.625389 0.267116 -0.306196
8.630000 -0.305721 -1.628400 0.267553 -0.301175
8.640000 -0.303041 -1.631362 0.267983 -0.296140
8.650000 -0.300357 -1.634273 0.268406 -0.291092
8.660000 -0.297669 -1.637133 0.268821 -0.286030
8.670000 -0.294977 -1.639943 0.269229 -0.280955
8.680000 -0.292280 -1.642701 0.269630 -0.275867
8.690000 -0.289580 -1.645409 0.270024 -0.270765
8.700000 -0.286876 -1.648065 0.270410 -0.265651
8.710000 -0.284168 -1.650671 0.270789 -0.260524
8.720000 -0.281457 -1.653225 0.271161 -0.255385
8.730000 -0.278741 -1.655727 0.271526 -0.250233
8.740000 -0.276023 -1.658178 0.271884 -0.245069
8.750000 -0.273300 -1.660577 0.272234 -0.239893
8.760000 -0.270574 -1.662924 0.272577 -0.234705
8.770000 -0.267845 -1.665219 0.272912 -0.229506
8.780000 -0.265113 -1.667462 0.273241 -0.224296
8.790000 -0.262377 -1.669652 0.273562 -0.219074
8.800000 -0.259639 -1.671791 0.273876 -0.213841
8.810000 -0.256897 -1.673877 0.274183 -0.208597
8.820000 -0.254152 -1.675910 0.274482 -0.203343
8.830000 -0.251404 -1.677891 0.274775 -0.198078
8.840000 -0.248654 -1.679819 0.275060 -0.192803
8.850000 -0.245900 -1.681694 0.275338 -0.187518
8.860000 -0.243144 -1.683516 0.275608 -0.182223
8.870000 -0.240385 -1.685286 0.275871 -0.176918
8.880000 -0.237624 -1.687002 0.276128 -0.171604
8.890000 -0.234860 -1.688664 0.276376 -0.166280
8.900000 -0.232094 -1.690274 0.276618 -0.160947
8.910000 -0.229326 -1.691830 0.276853 -0.155605
8.920000 -0.226555 -1.693332 0.277080 -0.150254
8.930000 -0.223782 -1.694781 0.277300 -0.144895
8.940000 -0.221007 -1.696177 0.277513 -0.139527
8.950000 -0.218229 -1.697518 0.277718 -0.134151
8.960000 -0.215450 -1.698806 0.277917 -0.128767
8.970000 -0.212669 -1.700040 0.278108 -0.123375
8.980000 -0.209886 -1.701219 0.278292 -0.117976
8.990000 -0.207102 -1.702345 0.278469 -0.112569
9.000000 -0.204315 -1.703417 0.278639 -0.107155
9.010000 -0.201527 -1.704434 0.278801 -0.101733
9.020000 -0.198738 -1.705397 0.278956 -0.096305
9.030000 -0.195947 -1.706306 0.279105 -0.090870
9.040000 -0.193154 -1.707160 0.279245 -0.085428
9.050000 -0.190360 -1.707960 0.279379 -0.079981
9.060000 -0.187565 -1.708705 0.279506 -0.074527
9.070000 -0.184769 -1.709396 0.279626 -0.069067
9.080000 -0.181972 -1.710032 0.279738 -0.063601
9.090000 -0.179173 -1.710613 0.279843 -0.058130
9.100000 -0.176374 -1.711140 0.279941 -0.052653
9.110000 -0.173574 -1.711611 0.280032 -0.047172
9.120000 -0.170772 -1.712028 0.280116 -0.041685
9.130000 -0.167970 -1.712390 0.280193 -0.036193
9.140000 -0.165168 -1.712697 0.280263 -0.030697
9.150000 -0.162365 -1.712949 0.280325 -0.025197
9.160000 -0.159561 -1.713146 0.280381 -0.019692
9.170000 -0.156756 -1.713288 0.280429 -0.014183
9.180000 -0.153952 -1.713374 0.280471 -0.008671
9.190000 -0.151147 -1.713406 0.280505 -0.003155
9.200000 -0.148341 -1.713382 0.280532 0.002365
9.210000 -0.145536 -1.713303 0.280552 0.007888
9.220000 -0.142730 -1.713169 0.280565 0.013413
9.230000 -0.139924 -1.712980 0.280572 0.018942
9.240000 -0.137119 -1.712735 0.280571 0.024473
9.250000 -0.134313 -1.712435 0.280563 0.030007
9.260000 -0.131508 -1.712080 0.280548 0.035543
9.270000 -0.128702 -1.711669 0.280526 0.041081
9.280000 -0.125897 -1.711203 0.280497 0.046621
9.290000 -0.123093 -1.710681 0.280461 0.052163
9.300000 -0.120289 -1.710104 0.280418 0.057706
9.310000 -0.117485 -1.709471 0.280368 0.063250
9.320000 -0.114682 -1.708784 0.280312 0.068796
9.330000 -0.111879 -1.708040 0.280248 0.074342
9.340000 -0.109078 -1.707241 0.280177 0.079889
9.350000 -0.106277 -1.706387 0.280100 0.085437
9.360000 -0.103476 -1.705477 0.280015 0.090984
9.370000 -0.100677 -1.704512 0.279924 0.096532
9.380000 -0.097879 -1.703491 0.279826 0.102080
9.390000 -0.095082 -1.702415 0.279721 0.107628
9.400000 -0.092286 -1.701283 0.279609 0.113175
9.410000 -0.089491 -1.700096 0.279490 0.118721
9.420000 -0.086697 -1.698853 0.279364 0.124267
9.430000 -0.083905 -1.697555 0.279232 0.129811
9.440000 -0.081114 -1.696201 0.279093 0.135354
9.450000 -0.078324 -1.694792 0.278947 0.140896
9.460000 -0.075536 -1.693328 0.278794 0.146436
9.470000 -0.072750 -1.691808 0.278634 0.151975
9.480000 -0.069965 -1.690233 0.278468 0.157511
9.490000 -0.067182 -1.688603 0.278295 0.163045
9.500000 -0.064401 -1.686917 0.278115 0.168576
9.510000 -0.061622 -1.685176 0.277928 0.174105
9.520000 -0.058845 -1.683380 0.277735 0.179631
9.530000 -0.056069 -1.681528 0.277535 0.185154
9.540000 -0.053296 -1.679621 0.277328 0.190674
9.550000 -0.050525 -1.677659 0.277114 0.196190
9.560000 -0.047756 -1.675642 0.276894 0.201703
9.570000 -0.044989 -1.673570 0.276668 0.207212
9.580000 -0.042225 -1.671443 0.276434 0.212717
9.590000 -0.039463 -1.669261 0.276194 0.218218
9.600000 -0.036704 -1.667024 0.275948 0.223714
9.610000 -0.033947 -1.664732 0.275694 0.229206
9.620000 -0.031192 -1.662385 0.275435 0.234693
9.630000 -0.028441 -1.659983 0.275168 0.240175
9.640000 -0.025692 -1.657526 0.274896 0.245652
9.650000 -0.022945 -1.655015 0.274616 0.251124
9.660000 -0.020202 -1.652449 0.274330 0.256590
9.670000 -0.017462 -1.649829 0.274038 0.262050
9.680000 -0.014724 -1.647154 0.273739 0.267505
9.690000 -0.011990 -1.644424 0.273434 0.272953
9.700000 -0.009259 -1.641640 0.273122 0.278395
9.710000 -0.006531 -1.638802 0.272804 0.283831
9.720000 -0.003806 -1.635909 0.272479 0.289259
9.730000 -0.001085 -1.632963 0.272148 0.294681
9.740000 0.001634 -1.629962 0.271810 0.300096
9.750000 0.004348 -1.626907 0.271466 0.305504
9.760000 0.007059 -1.623798 0.271116 0.310904
9.770000 0.009767 -1.620635 0.270760 0.316296
9.780000 0.012471 -1.617418 0.270397 0.321681
9.790000 0.015171 -1.614147 0.270028 0.327057
9.800000 0.017868 -1.610823 0.269652 0.332426
9.810000 0.020560 -1.607445 0.269270 0.337785
9.820000 0.023249 -1.604014 0.268882 0.343137
9.830000 0.025934 -1.600529 0.268488 0.348479
9.840000 0.028615 -1.596991 0.268088 0.353813
9.850000 0.031292 -1.593399 0.267681 0.359137
9.860000 0.033965 -1.589755 0.267268 0.364452
9.870000 0.036633 -1.586057 0.266849 0.369758
9.880000 0.039297 -1.582307 0.266424 0.375054
9.890000 0.041957 -1.578503 0.265993 0.380339
9.900000 0.044613 -1.574647 0.265556 0.385615
9.910000 0.047264 -1.570738 0.265112 0.390881
9.920000 0.049911 -1.566777 0.264662 0.396136
9.930000 0.052553 -1.562763 0.264207 0.401380
9.940000 0.055190 -1.558697 0.263745 0.406613
9.950000 0.057823 -1.554579 0.263278 0.411836
9.960000 0.060451 -1.550408 0.262804 0.417047
9.970000 0.063074 -1.546186 0.262324 0.422247
9.980000 0.065692 -1.541911 0.261839 0.427435
9.990000 0.068306 -1.537585 0.261347 0.432612
10.000000 0.070914 -1.533208 0.260850 0.437776
